81															
1																		
2,77																	
3,7,11,14,24,25,28,30,31,32,44,46,51,56,60,67,75,78,87
4																		
6,39																	
8,13,68,90,102														
9																		
10																		
12,26																	
16																		
17,5																	
18																		
19,85,35,43															
20,98																	
21,45,101																
22																		
23,83,94																
27																		
29,65																	
33																		
34,76																	
36,47,95																
37																		
38																		
41,89																	
42,61																	
48,55,58																
49,52,84,40															
50,71																	
53,91																	
57																		
62																		
63,82																	
64,69,72,80,92,93													
66,70																	
73																		
74																		
79																		
86,15																	
88																		
96																		
97																		
99																		
100																		
59																		
54																		